$ANSIBLE_VAULT;1.1;AES256
63326662633361323732636538373331326165666634653432326162653431396630623134646366
3663363266613066383734636538646130383437303435310a623838626336646233396562303135
64613731666538643131323566336539373530356164376662303037396366616564353138383530
6434643935326136320a306164356434363834663135376163663736333863363939373133336432
35643138393932643037396238386232633234376661306337343061376665376437613662393263
64383562633965396164623631343433396239353837316566636533393934313334393536336339
34396461626262616437343262306130353137303732383161613731613764303931373966623834
62616538643035333239323339343836633931346664643937666435613132653766393664343737
65363465393438633932646130666630333336393163363833356539313961666261363665363935
35626136656530356661616336393763643935373633313034666662353463313332343136313731
32386633386164663138323934386266653539633536663835623939633164653263373934306461
31613038323062303661343834393365626263336538393263393463326137643063643463623532
64383963616565393738373464643662303665643432636239323133353232666530623338336434
38633963363261306139373531393039663835313135656561303639633638373335626438653331
64323465623236643133353763633464356138313261323432613837646134393430313464353337
35633135393164643063323164616664353431306264383761616334303031623234366237303530
61313734386666343638363137313535353564666232333061633338633232333937353763326537
30656662393534316532633333653832336366363966313165336636626436383663386665303333
34313661306335373864343531393861666565333530393030663064316533616164613965323839
34623933316261326332303064383835626130633237346434613835656665633463383266386431
62386362313633306631623134333564376537626434373830376435626266343232633364363061
35373661633536313164343332643337343036306333666461386464376239313032343138303732
63323030666663646231353163613534626561303162623233336632373035326164383138346337
30623365326232666331356131653530303534633862373737363231386461343137376662653963
35383438333737373733353330373838656538353635663864363732623865633963
